~0.000000000000 0 14 16 40 42 52 58 60 62 64 66 96 98 100 102 104
~0.021698493328 2 28
~0.185194275138 4 30
~0.199548142926 6 32
~0.017223744172 8 34
~0.020796926976 10 36
~0.022356151709 12 38
~0.115362005652 18 44
~0.004718337765 20 46
~0.082182214747 22 48
~0.008900538834 24 50
~0.000074411759 26
~0.008913100772 54 92
~0.016406903735 56 94
~0.097244802973 68 106
~0.089759858960 70 108
~0.087845521395 72 110
~0.025631964115 74 112
~0.013145125090 76 114
~0.011372696901 78 116
~0.005732246486 80 118
~0.198676281697 82 120
~0.703912491661 84 122
~0.075735233110 86 124
~0.009093379481 88 126
~1.184675032099 90
