~0.013466399408 0 120 240
~0.000000000000 2 6 10 14 20 22 26 30 34 38 44 46 50 64 66 70 74 84 94 102 116 122 136 138 142 146 156 166 174 188 192 194 196 198 200 202 204 206 208 210 212 214 216 218 220 224 226 228 230 232 234 236 242 246 250 254 260 262 266 280 282 286 290 300 310 318 332
~0.008730039863 4 28 244
~0.110250313025 8 32 248
~0.110386335794 12 36 252
~0.110571679163 16 40 256
~0.110506239612 18 42 258
~0.010124163604 24
~0.010126339593 48 264
~0.109132540991 52
~0.010477533702 54 126 270
~0.108188738541 56 128 272
~0.109999152991 58 130 274
~0.107454483184 60 132 276
~0.109212687592 62 134 278
~0.010124631529 68 140 284
~0.099199386312 72 144 288
~0.110568727544 76 148 292
~0.110470974444 78 82 150 154 294 298
~0.110544147015 80 152 296
~0.102279155769 86 158 302
~0.008919524285 88 160 304
~0.116271750701 90 162 306
~0.019417112076 92 164 308
~0.110222672252 96 168 312
~0.010488298783 98 170 314
~0.114633297539 100 172 316
~0.111569205634 104 176 320
~0.003890896834 106 178 322
~0.014679445836 108 180 324
~0.012254871659 110 182 326
~0.109407741055 112 184 328
~0.109061600453 114 186 330
~2.059114937642 118 334
~0.108904886493 124 268
~2.042701899849 190
~1.285389396303 222 238
