➜  hs-fragem git:(irisdev) ✗ stack exec fragem -- --metric=InnerM "dataset/hanon/Hanon 1.mid"
  0 0.000000000000
  2 0.000000000000
  4 0.000000000000
  6 0.000000000000
  8 0.000000000000
 10 0.000000000000
 12 0.000000000000
 14 0.000000000000
 16 0.000000000000
 18 0.000000000000
 20 0.000000000000
 22 0.000000000000
 24 0.000000000000
 26 0.000000000000
 28 0.000000000000
➜  hs-fragem git:(irisdev) ✗ stack exec fragem -- --metric=InnerM "dataset/ij221/1.mid"      
  0 0.000000000000
  2 0.000000000000
  4 0.353399786269
  6 0.000000000000
  8 0.000000000000
 10 0.000000000000
 12 0.000000000000
 14 0.000000000000
 16 0.313525378739
 18 0.028120115330
 20 0.000000000000
 22 0.000000000000
 24 0.000000000000
 26 0.000000000000
 28 0.411351237536
 30 0.159090000744
 32 0.000000000000
 34 0.000000000000
 36 0.000000000000
 38 0.000000000000
 40 0.000000000000
 42 0.000000000000
 44 0.000000000000
 46 0.000000000000
 48 0.000000000000
 50 0.000000000000
 52 0.000000000000
 54 0.000000000000
 56 0.000000000000
 58 0.000000000000
 60 0.000000000000
 62 0.000000000000
 64 0.000000000000
 66 0.000000000000
 68 0.000000000000
 70 0.000000000000
 72 0.000000000000
 74 0.000000000000
 76 0.000000000000
 78 0.000000000000
 80 0.000000000000
 82 0.000000000000
 84 0.000000000000
 86 0.000000000000
 88 0.000000000000
 90 0.000000000000
 92 0.000000000000
 94 0.152516838552
 96 0.156314569924
 98 0.000000000000
100 0.000000000000
102 0.000000000000
104 0.000000000000

