~0.000000000000 0 1 2 3 4 5 6 12 13 14 15 16 17 18 21 22 23 24 25 26 27 28 29 30 31 32 33 34 35 38 39 42 43 44 45 46 47 48 49 52 53 54 55 56 57 61 62 63 66 67 68 69 70 71 74 75 76 77 78 79 80 81 82 83
~0.054373649003 7
~0.010142223345 8
~0.001488081659 9
~0.008035445030 10
~0.006155540146 11
~0.056669870396 19
~0.007895630907 20
~0.001485018187 36 51
~0.001471387217 37
~0.001491157798 40
~0.001486548345 41
~0.001480446555 50
~0.052957099701 58
~0.012972439044 59
~0.004841540241 60
~0.052749462618 64
~0.008014708232 65
~0.001484254288 72
~0.001497269085 73
